x
1 0.54030230586814
2 -0.416146836547142
3 -0.989992496600445
4 -0.653643620863612
5 0.283662185463226
6 0.960170286650366
7 0.753902254343305
8 -0.145500033808614
9 -0.911130261884677
10 -0.839071529076452
11 0.00442569798805079
12 0.843853958732492
13 0.907446781450196
14 0.136737218207834
15 -0.759687912858821
16 -0.957659480323385
17 -0.275163338051597
18 0.66031670824408
19 0.988704618186669
20 0.408082061813392
21 -0.547729260224268
22 -0.999960826394637
23 -0.532833020333398
24 0.424179007336997
25 0.991202811863474
26 0.64691932232864
27 -0.292138808733836
28 -0.962605866313567
29 -0.748057529689
30 0.154251449887584
31 0.914742357804531
32 0.83422336050651
33 -0.0132767472230595
34 -0.848570274784605
35 -0.903692205091507
36 -0.127963689627405
37 0.765414051945343
38 0.955073644047295
39 0.266642932359937
40 -0.666938061652262
41 -0.987339277523826
42 -0.399985314988351
43 0.555113301520626
44 0.999843308647691
45 0.52532198881773
46 -0.432177944884778
47 -0.992335469150929
48 -0.6401443394692
49 0.300592543743637
50 0.964966028492113
51 0.742154196813783
52 -0.162990780795705
53 -0.918282786212119
54 -0.82930983286315
55 0.0221267562619557
56 0.853220107722584
57 0.899866826969194
58 0.119180135448819
59 -0.771080222975845
60 -0.952412980415156
61 -0.258101635938267
62 0.673507162323586
63 0.98589658158255
64 0.39185723042955
65 -0.562453851238172
66 -0.99964745596635
67 -0.517769799789505
68 0.440143022496041
69 0.993390379722272
70 0.6333192030863
71 -0.309022728166071
72 -0.967250588273882
73 -0.736192718227316
74 0.171717341830778
75 0.921751269724749
76 0.824331331107558
77 -0.0309750317312165
78 -0.857803093244988
79 -0.895970946790963
80 -0.110387243839048
81 0.776685982021631
82 0.949677697882543
83 0.249540117973338
84 -0.680023495587339
85 -0.984376643394042
86 -0.383698444949742
87 0.569750334265312
88 0.999373283695125
89 0.510177044941669
90 -0.44807361612917
91 -0.994367460928201
92 -0.626444447910339
93 0.317428701519702
94 0.969459366669988
95 0.73017356099482
96 -0.180430449291084
97 -0.925147536596414
98 -0.819288245291459
99 0.0398208803931389
100 0.862318872287684
101 0.89200486978816
102 0.101585703696621
103 -0.782230889887116
104 -0.946868010751213
105 -0.240959049236201
106 0.686486550906984
107 0.982779582041221
108 0.375509597767012
109 -0.577002178942952
110 -0.999020813314648
111 -0.502544319145385
112 0.455969104444276
113 0.995266636217131
114 0.61952061255921
115 -0.325809805219964
116 -0.971592190628802
117 -0.724097196700474
118 0.189129420528958
119 0.928471320739076
120 0.814180970526562
121 -0.0486636092001539
122 -0.86676709105198
123 -0.887968906691855
124 -0.0927762045976609
125 0.787714512144234
126 0.943984139152314
127 0.232359102029658
128 -0.692895821920165
129 -0.981105522649388
130 -0.367291330454696
131 0.584208817109289
132 0.998590072439991
133 0.49487222040343
134 -0.463828868851872
135 -0.996087835141185
136 -0.6125482394961
137 0.334165382630761
138 0.973648893049518
139 0.717964101410472
140 -0.197813574004268
141 -0.93172236174352
142 -0.809009906953598
143 0.0575025253491242
144 0.871147401032343
145 0.8838633737085
146 0.0839594367418485
147 -0.793136419166478
148 -0.941026309029144
149 -0.223740950135584
150 0.699250806478375
151 0.979354596376429
152 0.359044286891116
153 -0.591369684144325
154 -0.9980810948185
155 -0.487161349803341
156 0.471652293561339
157 0.996830993361718
158 0.60552787498699
159 -0.342494779115907
160 -0.975629312795237
161 -0.711774755635724
162 0.206482229337811
163 0.93490040489975
164 0.803775459710974
165 -0.0663369363356237
166 -0.875459459043705
167 -0.879688592495152
168 -0.0751360908983532
169 0.798496186162556
170 0.937994752119441
171 0.215105268762141
172 -0.7055510066863
173 -0.977526940402531
174 -0.350769113209131
175 0.5984842190141
176 0.997493920327152
177 0.479412311470322
178 -0.479438765629173
179 -0.997496052654355
180 -0.598460069057858
181 0.350797342090421
182 0.977533294705597
183 0.705529644294206
184 -0.215134707364621
185 -0.93800520121695
186 -0.798478038903032
187 0.0751661500081933
188 0.879702927248347
189 0.875444890134275
190 0.0663068583517113
191 -0.803793393209672
192 -0.934889705937235
193 -0.206452734490879
194 0.711795928940826
195 0.975622697919444
196 0.342466457745517
197 -0.605551864314651
198 -0.996828594969431
199 -0.471625712519911
200 0.487187675007006
201 0.998082960913557
202 0.591345375451585
203 -0.359072421071653
204 -0.979360689608925
205 -0.699229256672974
206 0.223770330187178
207 0.941036507442989
208 0.793118059567917
209 -0.0839894746225687
210 -0.883877473182372
211 -0.871132599108112
212 -0.0574724308476655
213 0.80902762528643
214 0.931711413754232
215 0.197784025223722
216 -0.717985083969714
217 -0.973642018119255
218 -0.334136970990171
219 0.612572066315684
220 0.996085170871722
221 0.463802163010418
222 -0.494898414589402
223 -0.998591672156699
224 -0.58418435158457
225 0.367319367730245
226 0.981111354333927
227 0.692874086389823
228 -0.232388421228523
229 -0.943994086083478
230 -0.787695941645058
231 0.0928062188958771
232 0.887982769781749
233 0.866752057272636
234 0.0486335005389691
235 -0.814198472305347
236 -0.928460124580761
237 -0.189099820129863
238 0.72411798686993
239 0.9715850561827
240 0.325781305535148
241 -0.619544275003953
242 -0.995263706279229
243 -0.455942275895124
244 0.502570380261423
245 0.999022146527674
246 0.576977558503058
247 -0.37553753594093
248 -0.982785151720906
249 -0.68646463135462
250 0.240988305285259
251 0.946877705420381
252 0.782212109942271
253 -0.101615692060797
254 -0.892018495407942
255 -0.862303607831082
256 -0.0397907599311577
257 0.819305529144982
258 0.925136093146258
259 0.180400799592549
260 -0.730194157145638
261 -0.96945197326701
262 -0.31740011602353
263 0.626467944126354
264 0.994364265551414
265 0.448046666974262
266 -0.510202970945957
267 -0.999374350300014
268 -0.569725560839186
269 0.383726281833151
270 0.984381950632505
271 0.680001393730288
272 -0.249569308580458
273 -0.949687139530166
274 -0.776666994102475
275 0.110417203919678
276 0.895984333873104
277 0.857787599307056
278 0.030944901828293
279 -0.824348395681676
280 -0.921739579879316
281 -0.171687645155773
282 0.736213118745846
283 0.967242936493283
284 0.308994059098137
285 -0.633342531232723
286 -0.993386919156947
287 -0.440115954846768
288 0.517795588650813
289 0.999648255879538
290 0.562428926766744
291 -0.391884963841509
292 -0.985901625963983
293 -0.673484879893468
294 0.258130758816447
295 0.952422168301506
296 0.771061028570027
297 -0.119210064898616
298 -0.899879974464853
299 -0.853204385517229
300 -0.0220966192786839
301 0.829326676820903
302 0.918270850887274
303 0.162961039470883
304 -0.7421744001017
305 -0.964958118933387
306 -0.300563793350083
307 0.640167497718337
308 0.992331743668192
309 0.432150760861815
310 -0.525347638515573
311 -0.999843841806507
312 -0.555088227956658
313 0.400012942756024
314 0.987344058653017
315 0.666915600394842
316 -0.266671985227481
317 -0.955082577452527
318 -0.765394652556692
319 0.127993586101478
320 0.903705111970614
321 0.848554325543618
322 0.0132466055205879
323 -0.83423998252822
324 -0.914730177935375
325 -0.154221666243094
326 0.748077534163434
327 0.962597699596405
328 0.292109979267175
329 -0.646942308866107
330 -0.991198821755207
331 -0.424151709070136
332 0.532858528858193
333 0.999961092757309
334 0.547704039532204
335 -0.408109581772219
336 -0.988709135689029
337 -0.660294069919136
338 0.275192318632293
339 0.957668158547592
340 0.759668310007225
341 -0.136767079363879
342 -0.907459446701534
343 -0.843837783705451
344 -0.00439555392789772
345 0.83908792785983
346 0.911117838425468
347 0.145470210177922
348 -0.75392205843696
349 -0.960161863414609
350 -0.283633279182166
351 0.653666433888477
352 0.989988242179262
353 0.416119426175127
354 -0.540327671221366
355 -0.999999999545659
356 -0.54027694002395
357 0.416174246541013
358 0.98999675012204
359 0.653620807244793
360 -0.283691091486527
361 -0.960178709013633
362 -0.753882449564592
363 0.145529857307092
364 0.911142684515958
365 0.839055129530626
366 -0.0044558420441823
367 -0.843870132992738
368 -0.907434115374278
369 -0.136707356927538
370 0.759707515020103
371 0.95765080122897
372 0.275134357220865
373 -0.660339345969006
374 -0.988700099785892
375 -0.408054541483748
376 0.547754480418621
377 0.999960559123319
378 0.532807511324426
379 -0.424206305218414
380 -0.991206801071052
381 -0.64689633520333
382 0.292167637935036
383 0.962614032156025
384 0.74803752453482
385 -0.154281233391908
386 -0.914754536842477
387 -0.834206737726757
388 0.0133068889134667
389 0.848586223254512
390 0.903679297391231
391 0.127933793037053
392 -0.765433450638477
393 -0.955064709774204
394 -0.2666138792501
395 0.666960522303647
396 0.987334495497458
397 0.39995768685722
398 -0.555138374580172
399 -0.999842774580336
400 -0.525296338642536
401 0.432205128515029
402 0.992339193731948
403 0.640121180638375
404 -0.300621293864048
405 -0.964973937173992
406 -0.742133992851483
407 0.163020521972421
408 0.918294720702536
409 0.829292988151819
410 -0.0221568932251213
411 -0.853235829152633
412 -0.899853678655842
413 -0.119150205890726
414 0.771099416680996
415 0.952403791663366
416 0.258072512825555
417 -0.673529444141701
418 -0.98589153630525
419 -0.391829496661518
420 0.562478775198509
421 0.9996466551448
422 0.517744010457709
423 -0.440170089745364
424 -0.993393839384921
425 -0.63329587436439
426 0.309051396953201
427 0.967258239175559
428 0.736172317039821
429 -0.171747038349746
430 -0.921762958732604
431 -0.824314265784384
432 0.0310051616059934
433 0.857818586403449
434 0.89595755889467
435 0.11035728365811
436 -0.776704969235027
437 -0.949668255371966
438 -0.249510927139466
439 0.680045596826464
440 0.984371335261093
441 0.383670607717673
442 -0.569775107173715
443 -0.999372216182122
444 -0.510151118473792
445 0.448100564876922
446 0.994370655401426
447 0.626420951125085
448 -0.317457286727432
449 -0.969466759192035
450 -0.730152964180506
451 0.180460098825665
452 0.925158979205905
453 0.819270960693464
454 -0.0398510008189356
455 -0.862334135960712
456 -0.891991243357829
457 -0.101555715240137
458 0.782249669121161
459 0.946858315221642
460 0.240929792968189
461 -0.68650846983555
462 -0.982774011468501
463 -0.375481659251875
464 0.577026798858534
465 0.99901947919383
466 0.502518257572694
467 -0.455995932579097
468 -0.995269565250652
469 -0.61949694955152
470 0.325838304608723
471 0.971599324192036
472 0.724076405873044
473 -0.189159020756195
474 -0.928482516053707
475 -0.814163468007945
476 0.0486937178171189
477 0.866782124043708
478 0.88795504279508
479 0.0927461902151406
480 -0.787733081927629
481 -0.943974191363369
482 -0.232329782619653
483 0.692917556820885
484 0.981099690073336
485 0.367263292845397
486 -0.584233282103149
487 -0.998588471815882
488 -0.494846025767777
489 0.463855574271853
490 0.996090498505521
491 0.612524412119903
492 -0.3341937939677
493 -0.973655767095044
494 -0.717943118198829
495 0.197843122605065
496 0.931733308886168
497 0.808992187885632
498 -0.0575326197983314
499 -0.871162202164979
500 -0.883849273431478
501 -0.0839293987848358
502 0.793154778044331
503 0.941016109760205
504 0.223711569880679
505 -0.69927235564838
506 -0.979348502254011
507 -0.359016152384322
508 0.591393992299697
509 0.998079227816505
510 0.487135024157002
511 -0.471678874174184
512 -0.996833390848202
